0 0.454664 0.888993 0.178815 0.197754
0 0.928631 0.797120 0.089014 0.105793
0 0.097718 0.248607 0.194533 0.497214
0 0.253290 0.682635 0.501891 0.591140
0 0.474672 0.638168 0.144905 0.188506
0 0.476123 0.394362 0.088396 0.092649
0 0.188720 0.703433 0.100895 0.139276
0 0.654889 0.565312 0.103513 0.101802
0 0.692114 0.719087 0.577951 0.498373
0 0.253999 0.246822 0.472222 0.493644
0 0.357784 0.393901 0.134125 0.107300
0 0.135222 0.275813 0.270445 0.551625
0 0.938275 0.204588 0.121799 0.409176
0 0.140914 0.567054 0.126292 0.165929
0 0.575638 0.246336 0.468984 0.492673
0 0.437653 0.649301 0.213525 0.228461
0 0.562992 0.533687 0.117720 0.155924
0 0.123989 0.685960 0.157573 0.155426
0 0.227884 0.325575 0.442554 0.651150
0 0.284755 0.581679 0.110464 0.153267
0 0.426450 0.499102 0.122692 0.148387
0 0.631574 0.215566 0.341772 0.431132
0 0.192667 0.728514 0.089765 0.095468
0 0.400600 0.789927 0.166078 0.197921
0 0.551017 0.067390 0.185902 0.134780
0 0.677511 0.533279 0.179867 0.190766
0 0.235177 0.747492 0.466214 0.426950
0 0.104500 0.692937 0.115731 0.140779
0 0.166800 0.705205 0.140783 0.141516
