0 0.503866 0.787161 0.088163 0.141213
0 0.272820 0.888789 0.082015 0.161848
0 0.566414 0.461289 0.140472 0.201524
0 0.165395 0.816428 0.150293 0.330442
0 0.767528 0.686361 0.463388 0.624828
0 0.534009 0.151690 0.158704 0.197544
0 0.799989 0.210404 0.064561 0.062301
0 0.350502 0.500124 0.145486 0.197952
0 0.590499 0.926691 0.078786 0.123493
0 0.410412 0.690800 0.500644 0.615949
0 0.892151 0.803600 0.214143 0.390350
0 0.679377 0.398239 0.207440 0.243782
0 0.260229 0.553063 0.122349 0.213334
0 0.600424 0.612513 0.092110 0.125237
0 0.434423 0.343840 0.508248 0.667602
0 0.226553 0.121404 0.096940 0.107111
0 0.351273 0.511391 0.093313 0.179744
0 0.241973 0.251131 0.075891 0.150404
0 0.768054 0.362960 0.462336 0.725919
0 0.175876 0.867698 0.128470 0.232922
0 0.302372 0.535497 0.208312 0.258796
